0.013353486855824789, 1.910738594055914, NA
0.0240518053372701, 1.9168222921453337, NA
0.03577283223470052, 0.41110701501367997, NA
0.04897301991780599, 1.2536992003984693, NA
0.06266922156016032, 1.7343113494627107, NA
0.07616555293401082, 0.6651014102470094, NA
0.08942694266637166, 1.4012288790669214, NA
0.10258541504542033, 1.5883025953166106, NA
0.11569789648056031, 1.2491364268313965, NA
0.1287625273068746, 0.6407666178893152, NA
0.14210164546966553, 0.33658171341827997, NA
0.15535730520884197, 1.1335461631324, NA
0.16880659262339273, 0.6635804857246552, NA
0.18153725465138754, 0.9221376545250365, NA
0.19474834203720093, 0.9023656357344203, NA
0.2080996553103129, 0.8384868057954953, NA
0.22165681123733522, 0.8536960510190414, NA
0.2345380465189616, 1.4681495580505453, NA
0.24784873723983764, 1.389061482888077, NA
0.26125736236572267, -0.25809977482259966, NA
0.2745587865511576, 1.7358322739850656, 1.0836453538037039
0.2879379113515218, 0.1160476576767735, NA
0.3009823719660441, 0.9753700128074644, NA
0.3145427505175273, 2.7928748170219255, NA
0.3278146266937256, 0.6149109010092764, NA
0.34046714305877684, 2.158649291199814, NA
0.3526586691538493, 2.3457230074495015, NA
0.3655817866325378, 0.0643362239167027, NA
0.3790460189183553, 0.4202325621478178, NA
0.392365825176239, 0.2666191853899443, NA
0.4058278878529867, 0.573845938905697, NA
0.41933149099349976, 0.5266972787126827, NA
0.4322317639986674, 2.312262667957683, NA
0.4457496960957845, 2.0126405370537084, NA
0.45926865736643474, 1.6202420102860622, NA
0.4751362442970276, 0.34722818507476516, NA
0.4892193039258321, 1.9989522163525129, NA
0.5046030680338541, 0.9860164844639558, NA
0.5175082206726074, 1.6597860478672977, NA
0.5300736268361409, 1.3099734077256107, NA
0.5433161695798238, 1.515298218243563, 1.230885332563138
0.5569455703099568, 0.7168128440070757, NA
0.5701324105262756, 1.6689115950014377, NA
0.5833842873573303, 0.8400077303178506, NA
0.596690281232198, 0.9282213526144512, NA
0.6099176605542501, 1.3662476150527523, NA
0.6229684313138326, -0.5409917359806679, NA
0.636381991704305, 2.181463159035136, NA
0.6534655610720317, 1.960929103293633, NA
0.6720652461051941, 1.357122067918625, NA
0.6841802795728048, 0.8415286548402093, NA
0.6969221274058024, 1.1274624650429832, NA
0.7087758223215739, 2.03849625393375, NA
0.721233590443929, 1.3936242564551424, NA
0.7339294115702312, 0.8095892398707497, NA
0.7503016591072083, 1.5594050293918604, NA
0.7680387377738953, 2.7670191001418853, NA
0.784657355149587, 2.6696799307111534, NA
0.7997158805529276, 1.8027529529686932, NA
0.8144984483718872, 1.6841208402249896, 1.4301264449916689
0.8315602699915569, -0.8390929423622845, NA
0.8448554396629333, 0.10692211054264816, NA
0.8599373896916708, 0.6742269573811354, NA
0.8737492481867473, 1.7738553870439437, NA
0.8904645363489787, 0.10692211054264533, NA
0.9044856468836466, 0.6559758631128705, NA
0.9204065720240275, -0.6109542640090103, NA
0.9343758026758829, 1.002746654209867, NA
0.9481989979743958, -0.6717912449032127, NA
0.9654791235923768, 0.8354449567507862, NA
0.9832033038139343, 1.1426717102665374, NA
0.9950793902079265, 2.2529466115858305, NA
1.0066846092542012, 1.475754180662321, NA
1.0182296911875406, 1.2263225589960722, NA
1.0306408484776814, 1.8803201036088024, NA
1.0424282113711039, 1.2932432379797048, NA
1.0556614637374877, 0.8704262207649606, NA
1.0671510219573974, 0.4217534866701715, NA
1.0797878821690878, 0.5175717315785471, NA
1.0929709593454997, 0.31680969462765857, 0.7216037562524997
1.106001361211141, 2.155607442155099, NA
1.1231001416842143, 2.2590303096752478, NA
1.1353262662887573, 0.5464692975032954, NA
1.146051013469696, -0.23528590698727497, NA
1.1577576875686646, 1.8346923679381542, NA
1.1701221505800883, 0.5434274484585819, NA
1.181858766078949, 1.5746142746154095, NA
1.193475103378296, 0.38677222265600053, NA
1.2057303190231323, 2.5023782332520845, NA
1.2177245060602824, 1.4346892185587319, NA
1.2307520349820456, 2.1981933287810467, NA
1.2429616649945576, 0.4749858449526039, NA
1.2562551538149516, 0.5419065239362317, NA
1.2692645827929179, 1.5396330106012455, NA
1.2826581319173178, 0.23620069494284052, NA
1.295533577601115, 0.8932400886002841, NA
1.3080505092938741, 1.2308853325631361, NA
1.3188709219296773, 1.150276332878314, NA
1.3312965393066407, -0.5075313964888528, NA
1.342856764793396, 1.170048351668936, NA
1.3548501491546632, 0.6088272029198617, NA
1.3679418325424195, 1.1761320497583585, 1.0779632851336063
1.3820086359977721, 0.6042644293527962, NA
1.3951658725738525, 1.1609228045347977, NA
1.4086509386698405, 1.0940021255511738, NA
1.4225465496381124, 0.10540118602029452, NA
1.4362602273623148, 1.1000858236405917, NA
1.449096918106079, 2.4369784787908064, NA
1.4622600555419922, -0.040607568125809054, NA
1.4757822513580323, 0.6590177121575818, NA
1.4880345265070598, 1.042290691791087, NA
1.5006367206573485, 0.31072599653824684, NA
1.5145621339480082, -0.03604479455874639, NA
1.5288470029830932, 2.286406951077645, NA
1.5419528206189475, 1.979180197561899, NA
1.5554579575856526, 0.3304980153288608, NA
1.570129915078481, 2.943446344735093, NA
1.5833504676818848, 1.6293675574201945, NA
1.5961881478627522, 1.0179558994334115, NA
1.609718132019043, 1.8027529529686972, NA
1.6223238229751586, 0.3122469210605925, NA
1.6356075604756672, 1.2841176908455714, 1.1011504708062394
1.649392064412435, 0.7989427682142639, NA
1.6625786542892456, 1.1411507857441803, NA
1.6752706925074259, 2.1540865176327424, NA
1.688125745455424, 0.6453293914563892, NA
1.699751869837443, 1.328224501993867, NA
1.7122566024462382, 0.2362006949428411, NA
1.7252633372942607, 0.14494522360152418, NA
1.7379152615865072, 1.344954671739771, NA
1.7507601181666057, 1.4179590488128258, NA
1.764431118965149, 0.8506542019743324, NA
1.7774904330571493, 0.3761257509995141, NA
1.7915712078412374, 2.059789197246719, NA
1.8040863951047261, 1.728227651373291, NA
1.8175206343332926, 1.382977784798656, NA
1.8314299662907918, 1.519860991810624, NA
1.8448324124018352, 0.8506542019743369, NA
1.8577171285947165, 0.937346899748581, NA
1.8703036665916444, 1.0955230500735262, NA
1.8838579654693604, 1.4970471239752958, NA
1.8969680905342101, 0.05368975226021632, NA
1.9108110785484314, 1.0635836351040695, 1.077489230737027
1.9243353446324667, 1.2795549172785037, NA
1.9375627080599467, 1.857506235773484, NA
1.951365832487742, -0.34479247259684315, NA
1.9669682184855144, 1.869673631952321, NA
1.9812276442845662, 1.4742332561399678, NA
1.9945834000905356, 2.071956593425565, NA
2.0082026600837706, 1.007309427776927, NA
2.021560021241506, 2.7883120434548614, NA
2.0346990704536436, 1.256741049443175, NA
2.047934619585673, 0.5236554296679707, NA
2.0615379134813945, 1.0027466542098586, NA
2.075929363568624, -0.21855573724137117, NA
2.0910154422124227, 1.2369690306525605, NA
2.105156668027242, 2.3852670450307354, NA
2.118057906627655, 1.392103331932792, NA
2.1307652791341147, 1.8103575755804644, NA
2.1436198989550275, 0.36091650577596796, NA
2.1576069513956706, 1.4103544262010537, NA
2.1711583693822223, 0.16015446882508003, NA
2.1851479132970173, 1.3936242564551469, 1.235904383486911
2.199052890141805, 0.4491301280725628, NA
2.212536561489105, 2.6605543835770242, NA
2.226275050640106, 1.5974281424507422, NA
2.2399200359980265, 0.8369658812731399, NA
2.2531734704971313, -0.10600732258708717, NA
2.266322469711304, -0.09840269997530811, NA
2.280169622103373, 0.7152919194847237, NA
2.293321446577708, 2.0476218010678826, NA
2.306398506959279, 0.6133899764869255, NA
2.3194300134976706, 2.3898298185978013, NA
2.3324482282002768, 1.2400108796972704, NA
2.345253078142802, -0.767609489811598, NA
2.3584906339645384, 1.500088973020014, NA
2.3720232129096983, 1.4164381242904664, NA
2.3846671342849732, 1.2232807099513645, NA
2.398295458157857, 0.7350639382753479, NA
2.41138364871343, 1.4407729166481555, NA
2.424005476633708, 1.6704325195237937, NA
2.4366454005241396, 1.2719502946667296, NA
2.4498663385709127, 1.606553689584868, 1.122139229214741
2.4630222360293073, 2.0065568389642916, NA
2.4762404362360635, 1.0514162389252255, NA
2.4892727295557657, 2.046100876545525, NA
2.5026416301727297, 0.8841145414661514, NA
2.515563937028249, 0.9890583335086564, NA
2.528871484597524, 2.0065568389642845, NA
2.5425530155499776, 1.112253219819437, NA
2.555728880564372, 0.8901982395555745, NA
2.5688368956247967, 1.387540558365725, NA
2.581777246793111, 0.4719439959078926, NA
2.595405113697052, 0.3958977697901338, NA
2.6081595698992412, 0.24228439303225685, NA
2.6217161575953165, 1.9518035561594929, NA
2.6346857865651447, -0.29916473692619094, NA
2.649620242913564, 3.3434494941145076, NA
2.665087080001831, 1.8316505188934407, NA
2.6792221069335938, 0.49779971278793594, NA
2.6902987877527873, 0.1190895067214865, NA
2.7028263529141743, -0.25962069934495785, NA
2.715079975128174, 1.2491364268314045, 1.0959032812041136
2.7289258241653442, -0.7904233576469227, NA
2.7441223581631977, -1.301453997158269, NA
2.759738739331563, -0.8938462251670682, NA
2.777592957019806, 2.548005968922744, NA
2.7950920939445494, -2.8269412930805333, NA
2.8134586652119955, 2.7153076663818068, NA
2.8288542946179707, 1.4894425013635249, NA
2.842923951148987, 0.7578778061106703, NA
2.8607790509859723, 2.061310121769076, NA
2.8786259651184083, 1.6187210857637149, NA
2.8932758887608845, -0.18053262418248608, NA
2.907705080509186, 0.012624790156622226, NA
2.9241402467091877, 2.996678703017521, NA
2.940333636601766, 2.195151479736336, NA
2.9566059867540995, -1.518946203855067, NA
2.972501786549886, -0.5151360191006262, NA
2.988705126444499, -0.13794673755654344, 0.48411139208673526
3.005208202203115, -0.5105732455335612, NA
3.0212726831436156, 1.3677685395750978, NA
3.0347264289855955, 0.7700452022895115, NA
3.048174202442169, -0.4497362646393583, NA
3.0625282327334085, 1.3160571058150226, NA
3.077314627170563, 1.302368785113834, NA
3.0916730642318724, -1.1843428089369172, NA
3.105632785956065, 2.0780402915149865, NA
3.1212288697560626, -1.9965165038745942, NA
3.133441948890686, 2.357890403628338, NA
3.1491071065266927, -2.0740836545147134, NA
3.161385190486908, 1.3038897096361888, NA
3.1735849022865295, 1.2689084456220128, NA
3.1867533763249716, 2.1708166873786525, NA
3.1998492956161497, 0.8658634471978922, NA
3.2127599795659383, -0.03148202099167861, NA
3.2258869965871173, 1.0133931258663482, NA
3.239607584476471, 1.7297485758956384, NA
3.2511882384618125, 1.3571220679186156, NA
3.263878532250722, 0.5601576182044977, 0.6607667753582906
3.2762227177619936, 1.290201388934991, NA
3.2895609219868978, 0.23315884589813266, NA
3.3020058314005536, -0.23224405794256028, NA
3.3135579307874043, 0.8187147870048835, NA
3.326281189918518, 1.349517445306841, NA
3.3403274695078533, -0.9485995079718594, NA
3.3526809295018514, 0.8476123529296319, NA
3.365750789642334, 1.4620658599611323, NA
3.3795331517855325, 0.11452673315441814, NA
3.3924333333969114, -0.03148202099168202, NA
3.4054633061091106, 1.080313804849971, NA
3.4191833694775897, 1.3297454265162265, NA
3.4323495944341023, 0.14038245003446265, NA
3.4458369930585224, 1.3297454265162236, NA
3.4597214380900065, 2.0461008765455286, NA
3.4728325168291727, 0.4917160146985083, NA
3.485779170195262, 1.2749921437114398, NA
3.4993064165115357, 0.6879152780823341, NA
3.5126307090123494, 0.03087588442489164, NA
3.52547246615092, 2.1601702157221676, NA
3.538907758394877, 0.4171907131031105, 0.7567914314518474
3.552250099182129, 1.343433747217427, NA
3.5655487060546873, 2.534317648221543, NA
3.578944214185079, 0.6681432592917218, NA
3.592352310816447, 1.6339303309872708, NA
3.605354694525401, -0.3600017178204007, NA
3.6186912775039675, 1.500088973020003, NA
3.632077622413635, -1.2010729786828238, NA
3.645950508117676, 1.7662507644321623, NA
3.6591750025749206, 1.0346860691793136, NA
3.6724584182103475, 2.6468660628758283, NA
3.684922369321187, 0.6909571271270472, NA
3.696785545349121, -0.18965817131662163, NA
3.7093449274698895, 3.4240584937993344, NA
3.7220244646072387, 1.5335493125118251, NA
3.7354140996932985, 0.6590177121575834, NA
3.749656347433726, 0.14494522360152642, NA
3.762697394688924, 1.2978060115467702, NA
3.776040514310201, 1.0301232956122492, NA
3.7897978981335956, 0.9586398430615606, NA
3.8037231087684633, 1.2658665965773026, 1.119097380170031
3.8170883297920226, 2.6301358931299177, NA
3.830287138621012, -0.1349048885118333, NA
3.843882469336192, 2.5099828558638637, NA
3.856664776802063, 0.021750337290752667, NA
3.870232363541921, 0.8506542019743342, NA
3.88376677831014, 0.9282213526144557, NA
3.897155936559041, 1.4696704825729068, NA
3.9104260166486102, 0.1601544688250783, NA
3.923946479956309, 0.32745616628415175, NA
3.938392436504364, 0.7213756175741457, NA
3.950674136479696, 0.8095892398707468, NA
3.963254960378011, 0.7031245233058815, NA
3.976680815219879, 0.17384278952628107, NA
3.9897295951843263, 0.7548359570659653, NA
4.002675612767537, 1.4164381242904698, NA
4.015355896949768, 0.3457072605524098, NA
4.028818337122599, 1.9031339714441429, NA
4.042727394898733, 1.9137804431006236, NA
4.055843691031138, 2.313783592480038, NA
4.069171889623006, 0.873468069809664, 1.0346100229531998
4.0812649885813395, 1.077271955805266, NA
4.093201112747193, 3.197440739968405, NA
4.106134684880574, 1.433168294036377, NA
4.11905902226766, 1.4544612373493537, NA
4.132119822502136, 0.00045739397778049806, NA
4.145751174290975, 0.9844955599415993, NA
4.15895916223526, -0.2946019633591288, NA
4.171891729036967, 1.3358291246056484, NA
4.184748192628224, 1.4787960297070304, NA
4.196571509043376, -0.02691924742460742, NA
4.209129933516184, -0.10296547354237419, NA
4.221331822872162, 0.43087903380429965, NA
4.234161202112833, 0.08715009175203249, NA
4.247067360083262, 1.4696704825729119, NA
4.259902962048849, 2.2377373663622846, NA
4.272320679823557, 0.5860133350845325, NA
4.284445452690124, 1.1016067481629437, NA
4.29690808057785, -0.11817471876592435, NA
4.309750394026438, -0.5987868678301652, NA
4.3227932214736935, 1.4270845959469551, NA
4.335345315933227, 0.5997016557857335, 0.8457293035209978
4.34764488140742, -0.34327154807449345, NA
4.360401598612468, 1.74799967016391, NA
4.373252550760905, -0.5835776226066138, NA
4.385935485363007, 2.315304517002395, NA
4.399027820428213, -0.5896613206960359, NA
4.411885265509287, 0.692478051649403, NA
4.424242826302846, 1.515298218243562, NA
4.436742142836253, 0.9282213526144603, NA
4.448919256528218, 0.009582941111908667, NA
4.46127591530482, 1.703892859015603, NA
4.473075099786123, 0.6498921650234518, NA
4.485893758138021, -0.08167253022940145, NA
4.498608080546061, 0.7989427682142616, NA
4.511090648174286, 0.3396235624629895, NA
4.5237263162930805, 0.00045739397778902456, NA
4.536314594745636, -0.17140707704834995, NA
4.548571201165517, -0.9105763949129817, NA
4.561301970481873, 1.4818378787517485, NA
4.574288773536682, 0.4810695430420213, NA
4.586575571695963, -0.347834321641559, NA
4.599675722916921, 0.42175348667016804, 0.47896921870163034
4.6122101465861, -0.026919247424612536, NA
4.624862225850423, 0.9738490882851107, NA
4.637186205387115, 0.8126310889154541, NA
4.648504630724589, -1.8064009385801905, NA
4.660860367616018, 0.34266541150770424, NA
4.67344605922699, -1.307537695247687, NA
4.684947176774343, 0.6559758631128687, NA
4.695812388261159, 2.5632152141462923, NA
4.706639703114828, 0.14342429907917675, NA
4.717700032393138, 0.6240364481434136, NA
4.730655495325724, 2.5312757991768375, NA
4.742384731769562, 2.68032640236764, NA
4.754444050788879, 2.482606214461467, NA
4.766186706225077, 0.8430495793625647, NA
4.778360668818156, 2.888693061930307, NA
4.79030202627182, 1.939636159980658, NA
4.802343332767487, 1.5578841048695113, NA
4.814304272333781, 3.3130310036674047, NA
4.826805480321249, 0.5495111465480165, NA
4.838579734166463, 3.351054116726279, NA
4.850894411404927, 1.3616848414856855, NA
4.863233093420664, 0.3730839019548051, 1.2203079938394867
4.875385272502899, 2.4673969692379156, NA
4.887495601177216, -0.17749077513776967, NA
4.900051828225454, 2.919111552377407, NA
4.911858677864075, 2.1069378574397284, NA
4.923986172676086, 4.471975489702066, NA
4.935800035794576, 3.6476343985855495, NA
4.948081918557485, 3.2111290606696117, NA
4.960315676530202, 0.947993371405073, NA
4.972814993063609, 4.324445811033617, NA
4.985390444596608, 0.041522356081370615, NA
4.997431123256684, 2.0673938198584976, NA
5.009576114018758, 0.9723281637627548, NA
5.0218509594599405, 4.578440206266933, NA
5.034855592250824, 2.9084650807209242, NA
5.046814429759979, 5.338902467444525, NA
5.058475681145986, 4.794411488441373, NA
5.070786587397257, 4.52216599893979, NA
5.0832838614781695, 1.1502763328783145, NA
5.095290637016296, 4.134330245739206, NA
5.107312007745107, 3.9518193030565927, NA
5.119933970769247, 5.454492731143528, NA
5.132429969310761, 6.593665198387573, 3.2012430512742993
5.1452184597651165, 7.77238170321285, NA
5.157819374402364, 12.902460117116934, NA
5.171126115322113, 16.313893820759642, NA
5.1836699883143105, 25.46529667177088, NA
5.196121843655904, 25.460733898203816, NA
5.209254928429922, 36.61671526967919, NA
5.22185260852178, 23.620415226154027, NA
5.234222384293874, 22.74132085223272, NA
5.246239618460337, 29.799931560483195, NA
5.258628733952841, 26.441730215122917, NA
5.271254789829254, 29.130724770646903, NA
5.283513263861338, 36.53610626999438, NA
5.295800495147705, 29.93681476749516, NA
5.308112327257792, 23.947413998460387, NA
5.320456051826477, 20.310883465509107, NA
5.3328328967094425, 25.383166747563696, NA
5.345911121368408, 24.91168014563359, NA
5.358132410049438, 23.86832592329792, NA
5.370995593070984, 9.916885279733677, NA
5.383146858215332, 4.491747508492686, NA
5.395274027188619, 2.0962913857832475, 21.79356759987366
5.407615399360656, 5.898602691671244, NA
5.4203521609306335, 3.4666443804252816, NA
5.432668340206146, 1.738874123029774, NA
5.444570910930634, 2.9327998730786042, NA
5.457113790512085, -2.416291672044626, NA
5.469368052482605, -0.3326250764180008, NA
5.4817302942276, -20.500084242847937, NA
5.493700659275055, -31.89180891528839, NA
5.505655034383138, -29.916127960748977, NA
5.518187828858694, 4.306194716765345, NA
5.531094451745351, -4.469539777224149, NA
5.542990116278331, -36.646218972170736, NA
5.555372114976247, -40.84244972934873, NA
5.567766181627909, -5.537228791917503, NA
5.580038917064667, 7.319146195550993, NA
5.592176047960917, 6.249936256335295, NA
5.6041633288065595, -6.931916578917217, NA
5.616802763938904, -6.265751638125641, NA
5.628813831011454, 8.555657832225776, NA
5.641793783505758, 1.0179558994334053, NA
5.6550449649492895, -47.96493926753813, NA
5.668126944700877, -95.17595736596586, -13.063869455456372
5.679792094230652, -158.92855056952874, NA
5.692033251126607, 1.8468597641169924, NA
5.703146032492319, -28.48189613616803, NA
5.7154043952624, -40.83180325769224, NA
5.7271645347277325, -24.255246888542928, NA
5.739691253503164, -22.177663991005726, NA
5.752340483665466, 31.278270196212443, NA
5.7649874528249105, -91.71585407760779, NA
5.778115427494049, -65.63960314182789, NA
5.790604333082835, -119.6339446099598, NA
5.803542192776998, -287.7538994620588, NA
5.816234886646271, -246.88665754637458, NA
5.8293751120567325, -135.2097326433994, NA
5.842139589786529, -360.07233957552614, NA
5.854567643006643, -331.21279676383625, NA
5.867843961715698, -3.2725721781306043, NA
5.880309545993805, 9.623346846919123, NA
5.892999724547068, 3.845354586491729, NA
5.905120547612508, -6.930395654394856, NA
5.917812466621399, 10.259093297263599, NA
5.930326080322265, 13.168621908529094, -88.23720999507242
5.942884500821432, -5.792744111673169, NA
5.955450443426768, -9.111401419452218, NA
5.968945399920146, -38.21277123019659, NA
5.981685789426168, -38.935210378315304, NA
5.994376401106517, -67.56205173808486, NA
6.007610122362773, -20.859022430123765, NA
6.020257218678792, -7.258915351223581, NA
6.033239960670471, 6.494805104434485, NA
6.045371743043264, 2.957134665436285, NA
6.058247629801432, 6.380735765257842, NA
6.071142820517222, -1.7759824481330924, NA
6.084155146280924, -3.6786590255994467, NA
6.097475143273671, 10.38533003261908, NA
6.110546358426412, 4.05828401962145, NA
6.123469305038452, -4.791975775963454, NA
6.136666452884674, 7.25830921465679, NA
6.1499372005462645, -9.741064171707265, NA
6.163433615366618, -2.110585843051237, NA
6.176339530944825, -55.21062369203829, NA
6.188996748129527, -48.346691322649285, NA
6.201553873221079, -20.369284733925397, -14.105827850957667
6.214290360609691, 9.877341242152443, NA
6.226874748865764, 20.81126763336397, NA
6.239504027366638, -4.861938303991785, NA
6.252603379885356, -0.31437398214974793, NA
6.265495196978251, 4.312278414854775, NA
6.27815750837326, 8.823340548160296, NA
6.290718531608581, 5.265898090371484, NA
6.303259487946828, 15.936704539215555, NA
6.316581670443217, -30.32373573274018, NA
6.329329629739125, -17.36393787775152, NA
6.342310508092244, 1.9898266692183848, NA
6.355126484235128, 2.44154125235788, NA
6.368230096499125, 42.2654289457064, NA
6.381398948033651, -4.56992079569959, NA
6.393862795829773, -35.48119078804665, NA
6.40666755437851, -22.011883218069006, NA
6.4192417899767555, -7.147887861091651, NA
6.432206642627716, -34.96559737496823, NA
6.445013086001079, -102.1676473952327, NA
6.457888313134512, -73.85259556254597, NA
6.470583935578664, -71.14534991275372, -13.927734831887598
6.483816794554392, -78.5598569592353, NA
6.496149734656016, -46.41207533021347, NA
6.508701097965241, -13.511436062625803, NA
6.521657478809357, -4.3691587587487, NA
6.533992485205332, 61.68915602070465, NA
6.546634697914124, 95.51451739788426, NA
6.560200564066569, 175.32807355751802, NA
6.572616291046143, -24.533576076133933, NA
6.584934993584951, 88.10153127592504, NA
6.597683584690094, 95.2422719083827, NA
6.610544006029765, 2.5586524405792215, NA
6.623490277926127, -9.900761246554564, NA
6.6366555492083235, -18.989806192149228, NA
6.650356348355611, 9.09710696218423, NA
6.66287194887797, -9.817110397825026, NA
6.674876892566681, -51.02351848199444, NA
6.686452837785085, -69.57271395663844, NA
6.697572346528371, -63.692819753213236, NA
6.70871422290802, -30.55643718466052, NA
6.720490626494089, -6.982107088154932, NA
6.732454860210419, -35.44164675046542, NA
6.745295651753744, -80.99333619500362, -0.7647750395653862
6.7582202116648356, 4.146497641918053, NA
6.770014603932698, 4.222543868035813, NA
6.78224987188975, -0.11665379424356673, NA
6.7943784912427265, 0.23924254398754896, NA
6.806357554594675, -0.24745330316611444, NA
6.818952242533366, -35.65457618359515, NA
6.831538168589274, -67.91642715179363, NA
6.843527626991272, -78.16441658342295, NA
6.855443453788757, 4.058284019621454, NA
6.868320957819621, 18.114668455228202, NA
6.881228959560394, -0.15771875634715798, NA
6.893512535095215, -20.567004921831572, NA
6.905918169021606, -14.851370566820734, NA
6.918279027938842, -97.15163832050526, NA
6.930272257328033, -24.087945191083865, NA
6.942202607790629, -1.269514582188811, NA
6.95421257019043, 64.00096129468454, NA
6.966659450531006, -47.74136336275191, NA
6.978789508342743, -58.60684815045745, NA
6.990587985515594, -38.21125030567424, NA
7.002859604358673, -17.678769253879047, NA
7.0153006990750635, 3.037743665121113, -18.391045860871124
7.0273959040641785, 1.0255605220451833, NA
7.039325241247813, 7.942725249716632, NA
7.051236168543498, -1.0809199414167658, NA
7.063312451044719, 11.5899022543244, NA
7.075833650430043, -1.7257919388953673, NA
7.08809144894282, -24.471218170717364, NA
7.100190635522207, -32.75417311946378, NA
7.112552142143249, -81.51957607973851, NA
7.124863350391388, -45.06605712792911, NA
7.13672194480896, -10.290117924277492, NA
7.149360219637553, -25.429400619801143, NA
7.16177529891332, -68.61605243207701, NA
7.173802475134532, -22.586792687519274, NA
7.186092209815979, -41.50709374561796, NA
7.198355416456859, -13.622463552757733, NA
7.210257927576701, 2.6575125345323154, NA
7.222154140472412, 15.113884372621392, NA
7.235336363315582, 0.686394353559981, NA
7.247422142823537, 2.2483838380187673, NA
7.259870541095734, 0.11908950672148251, NA
7.272072696685791, 8.645392379044733, NA
7.284786955515544, 17.224927609650408, -13.700722032726192
7.297053869565328, -3.9113604775197905, NA
7.309469338258108, 11.28875919889807, NA
7.322850223382314, -2.394998728731654, NA
7.335477081934611, -6.7828659757264065, NA
7.347468177477519, 6.0613416155632525, NA
7.359695951143901, 1.1031276726853003, NA
7.372060577074687, 6.342712652198964, NA
7.384560342629751, 7.083402894585947, NA
7.397000960508982, -12.922838272474346, NA
7.409988951683045, 3.626341455272573, NA
7.422498178482056, 4.347259678868942, NA
7.435493671894074, 4.902397129528584, NA
7.4473797877629595, 1.1548391064453818, NA
7.459813376267751, 0.8521751264966935, NA
7.472302055358886, -9.623952983485912, NA
7.48474485874176, 6.256019954424712, NA
7.496987819671631, 4.278818075362957, NA
7.509565766652425, 5.995941861101979, NA
7.522381881872813, 9.034749056767662, NA
7.534589624404907, 3.358658739338062, NA
7.547157343228658, 1.8544643867287727, 1.9954758174442735
7.559521806240082, -1.7911916933566487, NA
7.571969743569692, -9.558553229024637, NA
7.584180104732513, -27.84614968582355, NA
7.5964107791582745, -21.9814647276219, NA
7.608906412124634, -24.030150059234355, NA
7.621525661150614, -28.36782679699139, NA
7.6345161159833275, -15.114490509188185, NA
7.647822678089142, 5.112284713613608, NA
7.660754915078481, 3.7434526434939284, NA
7.673097089926402, 9.547300620801364, NA
7.684766944249471, -12.063515917343658, NA
7.69691952864329, -30.44997246809565, NA
7.7084430932998655, -46.35732204740868, NA
7.721483743190765, -48.41665385067762, NA
7.733882117271423, -49.542137997220465, NA
7.7467551549275715, -49.43567328065561, NA
7.7602134068806965, -28.6355095129259, NA
7.773293129603068, -16.71754495575057, NA
7.786473762989044, -19.546464567331235, NA
7.799547942479451, 3.3708261355169076, NA
7.812421607971191, 1.0057885032545755, -19.38452231818903
7.825641266504923, 0.5844924105621846, NA
7.83859193722407, -1.4505046003490731, NA
7.851288255055746, -1.2238868465181565, NA
7.864450931549072, 20.399097087805707, NA
7.877659543355306, -8.303790498081607, NA
7.890176443258921, -31.642377293622136, NA
7.903031762441, -42.9550138909001, NA
7.915748393535614, -37.4416624973625, NA
7.928691879908244, -2.8375877647370196, NA
7.941870125134786, -1.3394771102171519, NA
7.954787611961365, 5.442325334964687, NA
7.967689112822215, 3.8118942469999064, NA
7.980727406342824, 2.3685368752848293, NA
7.993325662612915, -0.04973311525994177, NA
8.005996330579121, 2.8202514584243232, NA
8.01866517861684, -1.2421379407864157, NA
8.031681017080944, 8.093296777429797, NA
8.04486175775528, 3.6065694364819585, NA
8.05729131301244, 8.979995773962886, NA
8.069907685120901, -2.9045084437206463, NA
8.082277381420136, 2.681847326890001, -3.4572558701308793
8.094811272621154, -3.0946240090150474, NA
8.107398430506388, 6.961728932797525, NA
8.11979032754898, -1.8216101838037468, NA
8.13244968255361, -3.882462911595044, NA
8.145552782217662, 5.396697599294026, NA
8.158439966042836, -7.80796910379381, NA
8.171162509918213, 6.225601463977612, NA
8.183752016226451, 8.906991396889824, NA
8.196625773111979, -0.428443321326381, NA
8.2091171224912, 9.19900890518203, NA
8.221565349896748, 1.6643488214343722, NA
8.234141091505686, -1.9448050701145212, NA
8.247095278898875, 2.00351498991958, NA
8.25950593551, -2.130357861841852, NA
8.272051127751668, -9.068815532826271, NA
8.284665874640147, 0.9708072392404035, NA
8.297848812739055, 8.421816474258518, NA
8.310517891248066, 9.965554864449043, NA
8.322919813791911, 3.731285247315085, NA
8.335974748929342, 8.055273664370919, NA
8.348314853509267, 3.317593777234472, 2.125768351526035
8.361987483501434, 6.7351111789666, NA
8.374636022249858, 6.3275034069754135, NA
8.387194887797039, 0.9130121073908981, NA
8.399913291136423, 5.372362806936344, NA
8.412666126092274, 5.135098581448938, NA
8.425546073913575, 7.465154949697101, NA
8.439079427719117, 5.156391524761904, NA
8.451739450295767, 6.484158632777992, NA
8.464496393998465, 2.1692957628562963, NA
8.477386399110157, 4.263608830139399, NA
8.490648194154103, 4.747262828248363, NA
8.503635211785634, 4.973880582079288, NA
8.517029782136282, 3.7936431527316508, NA
8.52977409362793, 2.9693020616151307, NA
8.542787981033324, 3.112268966716516, NA
8.555411577224731, 4.9328156199756865, NA
8.568226687113444, 3.778433907508092, NA
8.581032939751942, 4.441556999254963, NA
8.593698318799337, 2.4597923466261413, NA
8.606596601009368, 1.7677716889545234, NA
8.619513026873271, 3.9183589635647733, 4.329370709486954
8.632312595844269, 2.564736138668651, NA
8.645507844289144, 4.137372094783924, NA
8.657545602321624, 3.705429530435045, NA
8.66979821920395, 4.725969884935388, NA
8.680946044127147, 2.5692989122357166, NA
8.692393485705058, 0.04000143155902208, NA
8.703397492567698, 5.568562070320166, NA
8.714623443285625, -0.9562041305836363, NA
8.727556399504344, 8.651476077134152, NA
8.739340813954671, 2.0491427255902375, NA
8.751340174674988, 2.958655589958644, NA
8.763561296463013, 5.688715107586229, NA
8.775447229544321, 2.8978186090644344, NA
8.78721597592036, 5.2902328827291685, NA
8.799541266759237, 4.014177208473155, NA
8.811666444937389, 4.841560148634381, NA
8.823610023657482, 1.8605480848181883, NA
8.835859163602192, 3.5122721160959363, NA
8.847804260253906, 5.00886184609345, NA
8.859753489494324, 6.204308520664645, NA
8.872315820058187, 2.0993332348279576, NA
8.88465401728948, 0.59209703317395, 3.5465620507817635
8.896795892715454, 3.5168348896629986, NA
8.909197342395782, 4.941941167109822, NA
8.921688055992126, 4.817225356276701, NA
8.93415915966034, 0.9236585790473879, NA
8.946334032217662, 8.332081927439562, NA
8.95852936108907, 3.798205926298713, NA
8.970893053213755, 1.7556042927756812, NA
8.983097513516745, 1.1016067481629437, NA
8.99542333285014, 2.64686606287582, NA
9.006990917523702, 2.645345138353473, NA
9.018690383434295, 7.191388535673161, NA
9.030687622229259, 3.7738711339410345, NA
9.04247169494629, 1.5441957841683154, NA
9.054056179523467, 3.0514319858223162, NA
9.06613921324412, 0.7563568815883082, NA
9.078017393747965, 1.5898235198389676, NA
9.089823015530904, 4.488705659447976, NA
9.102218139171601, 3.480332701126479, NA
9.113822793960571, 6.56628855698518, NA
9.125617949167887, 10.767082087730238, NA
9.137511312961578, 5.440804410442331, NA
9.150665318965912, -0.07558883213997775, 3.775184659664883
9.16278227965037, 4.405054810718439, NA
9.174794765313466, 4.551063564864534, NA
9.187065132459004, 3.457518833291149, NA
9.19905412197113, 0.20578220449573564, NA
9.211540206273396, 7.244620893955596, NA
9.223489983876545, 6.535870066538072, NA
9.235475738843283, 2.6392614402640517, NA
9.247528433799744, 7.916869532836595, NA
9.25977144241333, -28.95946643618756, NA
9.272052184740703, 58.60624201389066, NA
9.284181221326191, 58.270117694450164, NA
9.296244517962139, 45.36811497131101, NA
9.30808040301005, 43.07151894255466, NA
9.320547497272491, 39.1627429201018, NA
9.332573560873668, 76.88775477260016, NA
9.345198444525401, 46.085991345862666, NA
9.357264355818431, 34.63647154157272, NA
9.369639694690704, 85.57071287072598, NA
9.382213775316874, 71.0671766255468, NA
9.394399785995484, 76.90144309330135, NA
9.406365549564361, 115.61505588533059, NA
9.418762103716533, 73.41244223901853, 37.847834537592895
9.43052757581075, 85.20264913631603, NA
9.4429807027181, 95.81109767974354, NA
9.454914093017578, 52.127103548657516, NA
9.467170763015748, 81.85509426261223, NA
9.479801797866822, 4.035470151786124, NA
9.491907111803691, -6.747884711712242, NA
9.50415488878886, -0.25353700125553646, NA
9.516629413763683, -27.389872329116997, NA
9.52839955886205, -2.656597746576749, NA
9.540610524018605, 2.163212064766877, NA
9.553102854887644, 1.8392551415052218, NA
9.565389184157054, 5.408864995472869, NA
9.57729839483897, 7.484926968487716, NA
9.590049743652344, 5.845370333388813, NA
9.602238929271698, -0.6702703203808545, NA
9.61474215189616, 1.6095955386295828, NA
9.62723585764567, 2.3137835924800436, NA
9.639551488558451, 3.2430684756390646, NA
9.6517923951149, 5.878830672880627, NA
9.664717785517375, 3.3115100791450534, NA
9.676550618807475, 5.480348448023563, NA
9.688483321666718, 4.3579061505254195, 15.011360233228087
9.699711950620015, 6.029402200593788, NA
9.710952572027843, 6.589102424820503, NA
9.72246084610621, 2.6742427042782193, NA
9.73401607275009, 5.113805638135959, NA
9.746945508321126, 4.26817160370647, NA
9.759692033131918, 4.0826188119791365, NA
9.773773543039958, 5.463618278277662, NA
9.78657389084498, 6.511535274180383, NA
9.79966406027476, 3.69478305877856, NA
9.812221578756969, 6.735111178966597, NA
9.823867360750834, 3.1609385514318906, NA
9.835902162392934, 5.446888108531753, NA
9.847206981976827, 4.780723167740171, NA
9.85935430129369, 4.035470151786126, NA
9.87331173022588, 6.021797577982013, NA
9.886572790145873, 4.614942394803454, NA
9.899338400363922, 5.116847487180672, NA
9.912086268266043, 3.3495331922039293, NA
9.925461713473002, 6.829408499352626, NA
9.938467423121134, 8.38075151215493, NA
9.952272788683574, 5.013424619660517, 5.138719830311684
9.965779956181844, 3.1457293062083322, NA
9.978879650433859, 4.6134214702811, NA
9.992394089698792, 4.228627566125237, NA
10.006506033738454, 5.627878126692021, NA
10.019227174917857, 5.862100503134718, NA
10.032957033316295, 5.188330939731365, NA
10.045339119434356, 5.145745053105422, NA
10.059082182248433, 7.3510856105204585, NA
10.07294526497523, 5.846891257911161, NA
10.086621491114299, -3.429227403933195, NA
10.099050692717235, -6.645982768714435, NA
10.112427620093028, 8.041585343669723, NA
10.125755294164021, 4.476538263269133, NA
10.138976720968882, 6.173890030217538, NA
10.15162742137909, 0.595138882218663, NA
10.164702733357748, 7.389108723579336, NA
10.1780273715655, 6.964770781842242, NA
10.19070570866267, 5.8605795786123664, NA
10.203164641062418, 6.879599008590348, NA
10.215401117006937, 8.158696531891069, NA
10.228254934151968, 5.679589560452094, 4.626385541209747
10.241506195068359, 2.2103607249598918, NA
10.253803952534993, 6.266666426081197, NA
10.266244455178578, 4.642319036205849, NA
10.27843162616094, 3.5928811157807585, NA
10.291074645519256, 5.054489581764107, NA
10.303738327821096, 6.4491773687638245, NA
10.316614242394765, 5.786054277016962, NA
10.330053929487864, 3.963986699235433, NA
10.34296217362086, 4.660570130474112, NA
10.355587975184124, 2.2194862720940227, NA
10.368338223298391, 7.99747853252141, NA
10.3815638144811, 4.125204698605082, NA
10.394412346680959, 5.024071091317001, NA
10.406936164697012, 7.4697177232641625, NA
10.419534293810527, 5.425595165218774, NA
10.432599480946859, 5.608106107901399, NA
10.445055770874024, 6.5313072929710065, NA
10.45779581864675, 3.711513228524461, NA
10.470789821942647, 1.2886804644126346, NA
10.483603910605114, 3.3540959657709966, NA
10.496565850575765, 4.868936790036774, 4.773842794900945
10.509755742549896, 4.628630715504648, NA
10.522079054514567, 4.128246547649792, NA
10.535000987847646, 4.221022943513458, NA
10.547718421618145, 4.179957981409873, NA
10.560582828521728, 5.198977411387853, NA
10.573156146208445, 3.992884265160181, NA
10.586104333400726, 5.930542106640702, NA
10.598590163389842, 4.070451415800293, NA
10.611272553602854, 6.316856935318925, NA
10.624112157026927, 6.598227971954626, NA
10.636447485287984, 5.0331966384511375, NA
10.648968867460887, 5.92445840855128, NA
10.66141296227773, 8.072003834116826, NA
10.673616246382396, 8.106985098130995, NA
10.68517483472824, 4.134330245739214, NA
10.696517086029052, 5.656775692616764, NA
10.70796589454015, 6.332066180542472, NA
10.718858706951142, 4.427868678553765, NA
10.733042899767558, 3.221775532326096, NA
10.744766557216645, 4.981485204691062, NA
10.75692450205485, 4.102390830769754, NA
10.769220320383708, 1.9898266692183784, 5.0567709685476405
10.78129231929779, 5.764761333703982, NA
10.793517140547435, 4.078056038412068, NA
10.805456288655598, 5.507725089425959, NA
10.817467780907949, 6.173890030217532, NA
10.82928196589152, 3.431663116411109, NA
10.842028419176737, 3.448393286157026, NA
10.853650955359141, 4.916085450229787, NA
10.865752347310384, 4.583002979833994, NA
10.87746524810791, 6.4248425764061405, NA
10.88906809091568, 7.024086838214093, NA
10.901214933395385, 5.148786902150132, NA
10.912756478786468, 6.753362273234867, NA
10.924133817354837, 7.176179290449614, NA
10.936457208792369, 2.586029081981621, NA
10.948361694812775, 4.707718790667122, NA
10.960625986258188, 4.9465039406768945, NA
10.972651878992716, 6.852222367187949, NA
10.984950697422027, 3.2947799093991508, NA
10.99691155354182, 4.811141658187275, NA
11.008890807628632, 5.43319978783055, NA
11.020898870627086, 6.111532124800974, NA
11.033344240983327, 3.8149360960446193, 5.135859043710112
11.044888973236084, 5.202019260432564, NA
11.056472527980805, 3.746494492538643, NA
11.068490672111512, 4.823309054366115, NA
11.080305914084116, 3.32519839984625, NA
11.092042934894561, 5.310004901519777, NA
11.103764593601227, 6.473512161121509, NA
11.11564101378123, 2.3685368752848293, NA
11.127639285723369, 6.779217990114903, NA
11.139417358239491, 6.020276653459664, NA
11.152234256267548, 5.031675713928782, NA
11.164661689599354, 7.104695837898919, NA
11.177731808026632, 4.750304677293067, NA
11.190452559789021, 7.956413570417827, NA
11.202681628863017, 5.465139202800015, NA
11.215150145689647, 2.11758432909622, NA
11.22751281261444, 3.577671870557213, NA
11.240306532382965, 5.25829346775971, NA
11.252498888969422, 5.054489581764107, NA
11.265338524182637, 5.417990542607002, NA
11.278075194358825, 5.011903695138161, NA
11.290523795286814, 5.883393446447692, NA
11.303103057543437, 4.246878660393499, 5.04204565385393
11.315851000944773, 3.6643645683314503, NA
11.329052591323853, 3.567025398900725, NA
11.342200175921123, 5.6324409002590805, NA
11.355440322558085, 2.2362164418399253, NA
11.367642076810201, 4.2742553017958915, NA
11.379912022749583, 9.062125698170057, NA
11.39191081126531, 3.00732517467401, NA
11.40419800678889, 6.871994385978569, NA
11.416432130336762, 6.379214840735488, NA
11.428491405646007, 4.925210997363916, NA
11.440430736541748, 4.047637547964968, NA
11.453031309445699, 5.188330939731365, NA
11.465108482042949, 5.045364034629974, NA
11.477476326624553, 4.8826251107379655, NA
11.489563934008281, 5.9153328614171485, NA
11.501542667547861, 2.441541252357875, NA
11.513769404093425, 5.521413410127152, NA
11.525834902127583, 4.984527053735768, NA
11.53811861673991, 4.3928874145395955, NA
11.550692494710287, 5.25981439228206, NA
11.563015421231588, 4.523686923462137, NA
11.575081447760263, 3.5944020403031196, 4.791715304060829
11.58681387901306, 5.758677635614565, NA
11.59959056377411, 4.970838733034571, NA
11.61189802090327, 7.910785834747171, NA
11.623842247327168, 3.8620847562376337, NA
11.635929254690806, 4.509998602760949, NA
11.649365814526876, 6.193662049008148, NA
11.663011391957602, 2.470438818282625, NA
11.675387346744538, 5.484911221590628, NA
11.686786349614461, 4.972359657556924, NA
11.697985808054606, 3.894024171207091, NA
11.709258727232616, 3.1153108157612315, NA
11.721659974257152, 2.9951577784951673, NA
11.733878588676452, 2.4080809128660605, NA
11.746478633085887, 5.863621427657077, NA
11.759054668744405, 3.769308360373963, NA
11.771602936585744, 5.6491710700049955, NA
11.78430072069168, 4.7183652623236085, NA
11.797544880708058, -6.054343129518264, NA
11.810536173979441, 7.778465401302271, NA
11.823357462882996, -8.071089046161253, NA
11.83653312921524, -11.441457787700381, NA
11.849394579728445, -0.3949829818345648, 2.7437904347095556
11.861876221497853, 23.774028602911894, NA
11.874626664320628, 10.070498656491555, NA
11.887486982345582, 20.764118973170962, NA
11.900284079710643, 66.20782277662194, NA
11.913688039779663, 3.1518130042977544, NA
11.926560596625011, -87.50897684877329, NA
11.93874519666036, 7.751088759899876, NA
11.951541737715404, 6.847659593620886, NA
11.964186131954193, 13.465202190388359, NA
11.977300675710042, 28.79307952668405, NA
11.989869193236034, 20.935983444197092, NA
12.00292973915736, -86.21162823120432, NA
12.016256574789683, 12.844664985267432, NA
12.029227526982625, -9.441442040803292, NA
12.042516998449962, -310.3396286190335, NA
12.055481282869975, -388.71895295408626, NA
12.068699212869008, 15.234037409887451, NA
12.081694265206655, -51.814399233619135, NA
12.095727701981863, 15.588412823596208, NA
12.109148053328196, 7.4210481385487945, NA
12.123038061459859, 4.275776226318248, -32.233799657886536
12.136205629507701, 5.389092976682249, NA
12.148886919021606, 4.330529509123031, NA
12.162238081296286, 7.6567914395138565, NA
12.175341308116913, 4.836997375067316, NA
12.188242956002552, 5.481869372545919, NA
12.201054207483928, 15.41502742804773, NA
12.214037120342255, 18.03253853102102, NA
12.227066187063853, 10.070498656491557, NA
12.240247027079265, 3.539648757498329, NA
12.25299112399419, 1.4514193883046431, NA
12.265271747112275, 0.9708072392403938, NA
12.277926544348398, 33.67828909248895, NA
12.291355359554291, 84.66272093087993, NA
12.305194441477457, 92.50308684362099, NA
12.318010699748992, 98.10313093493282, NA
12.331504416465759, 56.51649172017462, NA
12.344274922211964, 39.88214021917581, NA
12.357238646348318, 132.6296385169182, NA
12.370311963558198, 127.01742702942751, NA
12.383385038375854, 168.6071080932304, NA
12.396471611658733, 143.53162549316028, 50.20508950226407
12.409860940774282, 124.52767358633204, NA
12.422998670736948, 122.55807632988206, NA
12.435788957277934, 88.58518527403398, NA
12.44861660003662, 134.7787048670061, NA
12.46166924238205, 143.74303400176763, NA
12.474606156349182, 137.253249064878, NA
12.487546161810558, 136.5703539543405, NA
12.501377840836843, 155.76442142646312, NA
12.513878027598063, 136.89431087760215, NA
12.527101492881775, 130.91555658022386, NA
12.539436535040538, 107.62716029392108, NA
12.55211443901062, 100.74193498121909, NA
12.565027324358622, 32.48436334244012, NA
12.577344497044882, 13.072803663620714, NA
12.590326277414958, 95.28181594596394, NA
12.603495268026988, 42.72018537789061, NA
12.615929738680522, 78.34327954049408, NA
12.628631953398386, 141.71564161346814, NA
12.641195845603942, 136.2783364460483, NA
12.653813020388286, 149.53623550741858, NA
12.665546576182047, 155.10890295732804, 112.59529645868295
12.677494684855143, 139.63805871593095, NA
12.688453495502472, 183.06501660273895, NA
12.699659709135691, 148.35903992711567, NA
12.710830724239349, 124.87140252838431, NA
12.722362287839253, 35.425831368675084, NA
12.734216423829396, 36.94675589103028, NA
12.74622681538264, -117.10616805380546, NA
12.75834407011668, -22.352570311076576, NA
12.770527609189351, -37.14508221550324, NA
12.78219743569692, 3.154854853342463, NA
12.794346511363983, 5.976169842311355, NA
12.80694195429484, 3.05599475938938, NA
12.818677365779877, 4.478059187791488, NA
12.830552530288696, 5.468181051844722, NA
12.842307976881663, 5.55487374961897, NA
12.854095613956451, 4.176916132365157, NA
12.865832849343617, 3.1609385514318875, NA
12.877697050571442, 7.057547177705905, NA
12.889618305365245, 4.535854319640981, NA
12.90147791703542, 6.329024331497762, NA
12.913830025990803, 4.257525132049988, NA
12.925576945145925, 3.6415507004961283, NA
12.937484041849773, -66.12629898898156, 21.14884675017368
12.9491228779157, -73.715712355534, NA
12.96126056909561, -126.85985701566935, NA
12.972944144407908, -150.51479611185977, NA
12.985618801911672, -101.12733502194175, NA
12.997155098120372, -120.75486598293558, NA
13.008854635556538, -117.23696756272801, NA
13.020433660348257, -93.15616960027815, NA
13.032350778579712, -92.51129760279954, NA
13.044256548086802, -97.29916799917372, NA
13.0563573996226, -116.68639288563543, NA
13.067909824848176, -58.15057079375089, NA
13.079990784327189, -70.19173023723698, NA
13.091859753926595, -84.59184361489602, NA
13.1034925142924, -6.293128279528028, NA
13.115490460395813, 4.763992997994262, NA
13.127505433559417, 7.174658365927255, NA
13.139917620023091, -20.414912469596054, NA
13.152650586764018, 5.0073409215711004, NA
13.165101476510365, -9.480986078384525, NA
13.177638093630472, -21.788307313282793, NA
13.190330338478088, 3.1670222495213034, NA
13.202337598800659, 6.617999990745254, -60.63831938179416
13.21525665918986, -10.785939318565289, NA
13.227659086386362, -14.30840051233993, NA
13.24052690267563, 11.13362489761784, NA
13.252383442719777, -3.69995196891242, NA
13.264941767851512, 3.4544769842464422, NA
13.277762051423391, 5.4788275235012085, NA
13.290200893084208, 7.215723328030842, NA
13.302625568707784, 7.54424302485957, NA
13.31524430513382, 6.324461557930695, NA
13.327930208047231, 8.081129381250953, NA
13.34013801018397, 3.381472607173385, NA
13.353465922673543, 6.0917601060103514, NA
13.366330341498058, 1.7114974816273842, NA
13.378572118282317, 10.969365049203475, NA
13.39110225836436, 15.180805051605025, NA
13.403345863024393, 0.3213724681947281, NA
13.416299800078074, 5.212665732089049, NA
13.428930735588073, -0.7828187350351442, NA
13.441247868537904, 6.662106801893554, NA
13.453931387265524, -5.386657264204332, NA
13.46626353263855, 8.014208702267327, 3.4197129951640344
13.478767538070679, 5.186810015209002, NA
13.49090661207835, 5.370841882413988, NA
13.503968369960784, 0.6590177121575863, NA
13.516313076019287, 1.2597828984878896, NA
13.528858983516693, 8.315351757693657, NA
13.541052854061126, 5.384530203115185, NA
13.553812766075135, 4.668174753085888, NA
13.566511158148447, 0.5784087124727654, NA
13.579621644814809, 11.087997161947182, NA
13.591829439004263, 3.32063562627918, NA
13.604830725987751, 10.284949014143633, NA
13.61756911277771, 6.211913143276412, NA
13.630089076360067, 5.8544958805229435, NA
13.642549379666645, 1.135067087654761, NA
13.656529847780863, 2.853711797916131, NA
13.66965437332789, 7.349564685998108, NA
13.681044685840607, 4.2179810944687475, NA
13.692838509877523, 6.268187350603555, NA
13.704471071561178, 8.949577283515772, NA
13.71745867729187, 6.272750124170621, NA
13.729571068286896, 6.496326028956835, 5.320289248289993
13.742721033096313, 4.767034847038967, NA
13.755171509583791, 5.545748202484841, NA
13.767921634515126, 5.300879354385652, NA
13.781059217453002, 4.8552484693355815, NA
13.792707979679108, 8.69558288828245, NA
13.803827516237895, 6.84309682005382, NA
13.81521460612615, 7.932078778060144, NA
13.827993222077687, 3.7480154170609916, NA
13.840963566303254, 6.246894407290585, NA
13.853382209936777, 4.526728772506852, NA
13.86631554365158, 4.558668187476311, NA
13.878791817029317, 4.9586713368557325, NA
13.891525681813558, 3.478811776604125, NA
13.903278183937072, 4.3959292635843035, NA
13.915863613287607, 6.0461323703396985, NA
13.928596993287405, 2.313783592480039, NA
13.941598025957743, 4.18299983045458, NA
13.954411005973816, -1.5067788076762172, NA
13.96720584233602, 5.416469618084648, NA
13.979821773370107, 1.1487554083559541, NA
13.992783339818319, 6.827887574830267, 4.775363719423301
14.005776449044545, 7.887971966911843, NA
14.018049403031666, 3.55485800272188, NA
14.030674759546915, 7.290248629626253, NA
14.043621611595153, 5.795179824151088, NA
14.05664302110672, 6.181494652829304, NA
14.069725533326467, 6.557163009851047, NA
14.082990558942159, 4.973880582079278, NA
14.095886337757111, 5.527497108216571, NA
14.10868260860443, 7.091007517197713, NA
14.121643042564392, 6.911538423559807, NA
14.134282839298248, 4.719886186845966, NA
14.147737836837768, 6.440051821629694, NA
14.160461576779683, 4.738137281114225, NA
14.173492582639058, 5.679589560452097, NA
14.186329845587412, 7.906223061180105, NA
14.199711668491364, 5.074261600554725, NA
14.212683784961701, 13.945814339452602, NA
14.225436429182688, 7.037775158915285, NA
14.238287929693858, 0.19817758188396056, NA
14.250926307837169, 9.726769714439278, NA
14.264076924324035, 6.125220445502168, 6.350606974719756
14.276876052220663, 4.108474528859176, NA
14.288899691899617, 6.408112406660234, NA
14.30138113896052, 5.314567675086855, NA
14.31428074836731, 6.674274198072396, NA
14.326968908309937, 4.9191272992744945, NA
14.339234964052837, 4.211897396379329, NA
14.352281296253205, 6.037006823205569, NA
14.364820917447409, 4.727490809457746, NA
14.377397537231445, 3.938130982355392, NA
14.390475940704345, 4.970838733034571, NA
14.403092320760091, 5.535101730828354, NA
14.415407987435659, 8.081129381250951, NA
14.428297221660614, 4.301631943198284, NA
14.440799081325531, 4.248399584915855, NA
14.454039335250854, 7.3830250254899195, NA
14.466718518733979, 3.0453482877328906, NA
14.479672221342723, 7.177700214971968, NA
14.49207625389099, 5.0560105062864675, NA
14.504836797714233, 4.187562604021646, NA
14.517274872461956, 2.4826062144614673, NA
14.530411450068156, 8.246910154187665, 5.2883498333205345
14.542731312910716, 4.289464547019445, NA
14.55580050945282, 7.4301736856829255, NA
14.568362208207448, 4.703156017100059, NA
14.580810165405273, 3.083371400791762, NA
14.593292899926503, 4.294027320586511, NA
14.60623104572296, 3.127478211940067, NA
14.619241325060527, 8.085692154818027, NA
14.632150848706564, 8.87961475548744, NA
14.64459724823634, 5.446888108531749, NA
14.656834904352824, 1.807315726535759, NA
14.66883643468221, 6.727506556354826, NA
14.68071934779485, 5.970086144221937, NA
14.692196333408356, 2.377662422418956, NA
14.703705688317617, 4.811141658187279, NA
14.714831964174907, 5.694798805675646, NA
14.727116588751475, 5.430157938785842, NA
14.738659338156383, 3.703908605912682, NA
14.750582341353098, 4.8689367900367735, NA
14.76249680519104, 5.671984937840318, NA
14.774070064226786, 3.5320441348865526, NA
14.786854116121928, 8.71991768064014, NA
14.7988645195961, 5.0940336193453355, 5.1704255101272745
14.81090867916743, 6.519139896792169, NA
14.822490986188253, 6.359442821944872, NA
14.8346164504687, 5.939667653774832, NA
14.84724138577779, 5.55639467414133, NA
14.85943797826767, 7.865158099076516, NA
14.87191454966863, 3.582234644124274, NA
14.884396549065908, 1.6156792367190007, NA
14.896809808413188, 3.2187336832813838, NA
14.90853332678477, 8.027897022968519, NA
14.920489346981048, 3.535085983931263, NA
14.93280043999354, 11.427163330432391, NA
14.945391118526459, 3.7236806247033085, NA
14.957824575901032, 6.887203631202124, NA
14.969917917251587, 7.598996307664354, NA
14.981952317555745, 8.656038850701217, NA
14.993926350275675, 5.710008050899198, NA
15.006539940834045, 5.849933106955875, NA
15.019898319244385, 5.962481521610163, NA
15.033343025048573, 12.744283966791995, NA
15.046177558104198, 5.265898090371484, NA
15.059098303318024, 4.954108563288665, NA
15.07228888273239, 3.907712491908291, 6.132133738785601
15.08511973619461, 6.931310442350418, NA
15.097297235329945, 7.401276119758182, NA
15.11001048485438, 3.8210197941340427, NA
15.123226487636567, 3.9837587180260514, NA
15.136333413918813, 10.316888429113094, NA
15.149355328083038, 10.729058974671357, NA
15.16167589823405, 4.94650394067689, NA
15.174562923113506, 17.051542214101918, NA
15.186291205883027, 8.058315513415629, NA
15.198805590470633, 2.2362164418399244, NA
15.210800246397655, 3.801247775343427, NA
15.223393615086874, 3.5807137196019214, NA
15.23622722228368, 1.773855387043951, NA
15.248802892367046, 10.58305022052526, NA
15.261172195275625, 11.314614915778112, NA
15.273149716854096, -10.390498942752938, NA
15.285517919063569, -2.5334028602659804, NA
15.297863260904949, 4.024823680129641, NA
15.310022767384847, -2.5577376526236604, NA
15.32226456006368, 3.6050485119596063, NA
15.334511693318685, 5.028633864884072, NA
15.347016803423564, 1.4407729166481544, 4.779409642016322
15.359489166736603, 8.923721566635734, NA
15.371878465016684, 8.221054437307634, NA
15.38519944747289, -3.0353079526431945, NA
15.397136243184407, -9.23915907933005, NA
15.408986155192057, 10.829439993146798, NA
15.421275011698405, 11.59294410336911, NA
15.433625769615173, 8.735126925863687, NA
15.446334520975748, 7.743484137288098, NA
15.458719551563263, 11.770892272484662, NA
15.470876320203145, 5.804305371285221, NA
15.483423391977945, -0.3478343216415681, NA
15.496309888362884, 2.7913538924995716, NA
15.50890787045161, 5.813430918419349, NA
15.521170794963837, 16.837091856449835, NA
15.53406324783961, 3.1092271176718107, NA
15.546651895840963, 2.37309964885189, NA
15.558587316672007, 8.782275586056697, NA
15.570721677939098, 3.232422003982583, NA
15.583599789937336, 11.001304464172934, NA
15.596534327665966, 2.2620721587199575, NA
15.608737111091614, 8.058315513415625, NA
15.621471897761028, 6.764008744891351, 6.0010576981317145
15.634467319647472, -0.29156011431442264, NA
15.647195013364156, 7.469717723264166, NA
15.660069568951924, 10.572403748868773, NA
15.673174444834391, -2.3508919175833576, NA
15.684813300768534, 9.73893711061812, NA
15.696717035770416, 2.9480091183021564, NA
15.70798100233078, -0.8603858856752583, NA
15.71945571899414, 15.38612986212297, NA
15.732040365537008, 1.2400108796972729, NA
15.744565705458323, 3.5107511915735836, NA
15.75778579711914, 10.10091714693866, NA
15.770885002613067, 9.053000151035928, NA
15.784517482916515, 6.9662917063645935, NA
15.79823230902354, 1.2825967663232183, NA
15.811224297682445, 6.289480293916527, NA
15.824105286598206, 4.108474528859179, NA
15.837309416135152, 5.390613901204611, NA
15.85078723827998, 6.467428463032088, NA
15.864308786392211, 3.9229217371318357, NA
15.876834579308827, 6.143471539770433, NA
15.890196430683137, 4.824829978888469, 5.329197520492359
15.903341539700826, 4.467412716135001, NA
15.916775532563527, 4.14801856644041, NA
15.930443509419758, 6.523702670359228, NA
15.944497688611348, 5.5290180327389296, NA
15.957828104496002, 8.23778460705354, NA
15.97134908437729, 1.8833619526535232, NA
15.984618997573852, 4.879583261693261, NA
15.997473994890848, 5.256772543237348, NA
16.011061878999076, 4.535854319640988, NA
16.02416522502899, 0.616431825531642, NA
16.03699811697006, 5.13509858144894, NA
16.049399781227113, 5.288711958206802, NA
16.062488508224487, 4.1069536043368196, NA
16.075759430726368, 3.751057266105704, NA
16.089236716429394, 0.6194736745763447, NA
16.101747242609658, 7.317625271028642, NA
16.11426473458608, 3.5533370781995264, NA
16.127898200352988, 7.401276119758183, NA
16.140268711249032, 4.897834355961523, NA
16.153060058752697, 4.082618811979138, NA
16.16564435561498, 5.160954298328971, 4.637756262638784
16.17915045420329, 3.8848986240729597, NA
16.192968555291493, 6.557163009851049, NA
16.20588564078013, 4.3442178298242276, NA
16.218879481156666, 3.4499142106793697, NA
16.231769518057504, 3.2795706641755915, NA
16.243652419249216, 4.506956753716235, NA
16.256277696291605, 7.477322345875937, NA
16.26877786318461, 2.8628373450502607, NA
16.2812798221906, 4.64688180977291, NA
16.293864492575327, 6.646897556669993, NA
16.306318998336792, 5.998983710146684, NA
16.31855394442876, 5.8088681448522905, NA
16.33131949901581, 6.339670803154247, NA
16.34395775000254, 4.674258451175312, NA
16.356225045522056, 5.417990542607002, NA
16.36845696767171, 1.8909665752652949, NA
16.380487859249115, 5.396697599294027, NA
16.392910540103912, 6.9434778385292635, NA
16.405307352542877, 5.600501485289621, NA
16.417648688952127, 4.088702510068557, NA
16.430644937356313, 7.170095592360191, 5.094613019163382
16.443064558506013, 5.939667653774839, NA
16.456048170725506, 5.218749430178468, NA
16.468539985020957, 5.644608296437926, NA
16.480845952033995, 3.9807168689813412, NA
16.494053769111634, 0.8536960510190493, NA
16.507127169768015, 4.503914904671527, NA
16.520222771167756, 5.592896862677844, NA
16.53344690402349, 8.90547047236747, NA
16.546493180592854, 6.861347914322089, NA
16.559504997730254, 6.954124310185753, NA
16.57208805481593, 3.886419548595313, NA
16.584845459461214, 4.134330245739211, NA
16.597838203112286, 5.801263522240511, NA
16.610471324125925, 5.612668881468469, NA
16.623381503423055, 6.570851330552244, NA
16.635899953047435, 5.331297844832757, NA
16.648917198181152, 5.668943088795609, NA
16.661124881108602, 4.7928905639190145, NA
16.67317485411962, 4.926731921886264, NA
16.684136986732483, 5.994420936579618, NA
16.69496987660726, 5.454492731143529, 5.363309684779469
16.70637055635452, 5.913811936894795, NA
16.718250707785288, 5.854495880522941, NA
16.730231169859568, 6.374652067168421, NA
16.7420952518781, 4.716844337801254, NA
16.753681683540343, 5.165517071896037, NA
16.765257322788237, 4.9145645257074255, NA
16.77719600200653, 3.7845176055975145, NA
16.789327279726663, 5.664380315228545, NA
16.80181486606598, 4.569314659132801, NA
16.814448181788126, 6.806594631517297, NA
16.826258464654288, 5.154870600239551, NA
16.838852934042613, 4.567793734610447, NA
16.851212326685587, 4.829392752455539, NA
16.863232445716857, 5.659817541661474, NA
16.875378584861757, 6.373131142646071, NA
16.888064189751944, 8.68493641662597, NA
16.90094434817632, 2.4172064600001932, NA
16.912888451417288, 3.369305210994548, NA
16.925482833385466, 7.5244710060689455, NA
16.938017888863882, 5.454492731143525, NA
16.9502099831899, 4.856769393857935, NA
16.962298238277434, 4.175395207842804, 5.310557964982456
16.974606124560037, 4.893271582394456, NA
16.986733400821684, 3.8331871903128847, NA
16.998669131596884, 3.5761509460348564, NA
17.010372726122537, 7.37237855383343, NA
17.022318530082703, 5.598980560767263, NA
17.034620332717896, 5.617231655035526, NA
17.046867966651917, 5.684152334019159, NA
17.05895696481069, 4.966275959467512, NA
17.0711585799853, -13.08861904541106, NA
17.083599348862965, -42.41660660998636, NA
17.095765511194866, 6.517618972269811, NA
17.107650991280874, -48.708671358969816, NA
17.120067830880483, -38.53672815345824, NA
17.132379627227785, -53.94825633848348, NA
17.14436646302541, 2.8993395335867915, NA
17.15684677362442, 6.6605858773712, NA
17.169848883152007, 4.800495186530786, NA
17.181699379285178, 4.808099809142561, NA
17.193526570002238, 6.085676407920935, NA
17.205782703558604, 7.229411648732041, NA
17.218309239546457, 4.363989848614852, NA
17.230715465545654, 5.008861846093452, -4.853780617917338
17.242928914229076, 5.132056732404221, NA
17.254637455940248, 6.470470312076798, NA
17.266693329811098, 6.2499362563352925, NA
17.278532493114472, 4.230148490647591, NA
17.290353262424468, 6.97085447993166, NA
17.30252206325531, 5.416469618084647, NA
17.315330517292022, 2.202756102348106, NA
17.327674543857576, 4.06893049127794, NA
17.339883057276406, -0.7615257917221726, NA
17.352318569024405, -54.27829695983456, NA
17.364731585979463, -15.741111412398528, NA
17.377183834711712, -2.2976595593009237, NA
17.38918530146281, -56.76500855388531, NA
17.40166646639506, -4.893877718961243, NA
17.41405783891678, -40.325335391747956, NA
17.425934505462646, -9.494674399085731, NA
17.43852183421453, 3.6598017947643933, NA
17.450663427511852, 3.939651906877745, NA
17.462646941343944, 6.076550860786798, NA
17.475089184443156, 8.700145661849513, NA
17.487409543991088, 5.256772543237355, NA
17.499481411774955, 7.243099969433245, -4.9518111166764145
17.51153535445531, 5.136619505971293, NA
17.5235778093338, 7.170095592360188, NA
17.53602343002955, 5.211144807566695, NA
17.54816627105077, 4.978443355646348, NA
17.560979167620342, 8.318393606738363, NA
17.573166358470917, 5.586813164588421, NA
17.58529357512792, 4.675779375697668, NA
17.5974816997846, 5.807347220329931, NA
17.610032478968304, 6.471991236599151, NA
17.622138305505118, 12.570898571243502, NA
17.634347355365755, 16.688041253259026, NA
17.646934576829274, 10.668221993777147, NA
17.659630147616067, 8.424858323303228, NA
17.67183881998062, 5.563999296753102, NA
17.683379785219827, 5.124452109792449, NA
17.695561838150024, -17.85519649847225, NA
17.70683846473694, -9.65741332297773, NA
17.71941656668981, 4.608858696714034, NA
17.73148818016052, -9.119006042063994, NA
17.74403388897578, 4.181478905932226, NA
17.757049012184144, 14.549621374827614, NA
17.76977639993032, 7.138156177390731, 4.82925448658987
17.782406640052795, 5.259814392282055, NA
17.794811316331227, -2.0375814659781843, NA
17.80724675655365, -5.817078904030854, NA
17.820712065696718, -92.11281537794248, NA
17.833951290448507, 6.760966895846638, NA
17.847689819335937, 4.01417720847315, NA
17.86075846751531, 9.950345619225494, NA
17.87383892138799, 9.252241263464455, NA
17.887459063529967, 11.507772330117213, NA
17.900913667678832, 1.347996520784489, NA
17.914149769147237, 2.523671176565051, NA
17.927179555098217, 3.337365796025085, NA
17.940179272492728, 3.176147796655436, NA
17.953077161312102, 3.968549472802491, NA
17.966195825735728, 3.2445894001614204, NA
17.978604157765705, 3.83166626579053, NA
17.99118640422821, 1.5122563691988546, NA
18.00380585193634, 4.152581340007474, NA
18.016464364528655, 2.7487680058736266, NA
18.029187854131063, 2.246862913496412, NA
18.043122390906017, 5.4149486935622875, -0.748416870839017
18.055825153986614, 3.781475756552804, NA
18.069878431161246, 7.535117477725439, NA
18.08322800795237, 5.550310976051903, NA
18.09584095875422, 6.312294161751859, NA
18.108502944310505, 2.8415444017372975, NA
18.121562457084657, 5.533580806305992, NA
18.13440174261729, -5.038365548584987, NA
18.148269307613372, 12.618047231436513, NA
18.160787868499757, 15.463697012763086, NA
18.173495694001517, -40.35575388219506, NA
18.185811932881673, -37.22264936614336, NA
18.1983838280042, -46.28127582129092, NA
18.211019241809844, -100.29386838369109, NA
18.224343959490458, 4.833955526022597, NA
18.236516177654266, 3.6963039833009153, NA
18.249057451883953, 4.941941167109825, NA
18.262278644243874, 2.1571283666774543, NA
18.27604074080785, 1.883361952653517, NA
18.289719359079996, 4.561710036521023, NA
18.30221281051636, 19.967154523456834, NA
18.3146155556043, 5.2765445620279685, -5.820845002848114
18.32750333547592, -84.05343633398228, NA
18.339553598562876, -445.17415029938894, NA
18.352271950244905, -571.4321785981833, NA
18.364975718657174, -298.0794560443282, NA
18.377779372533162, -262.72252367313695, NA
18.390920992692312, -221.50394819278867, NA
18.4032767812411, -216.67653375883324, NA
18.416984033584594, -191.21017355651782, NA
18.42964253028234, -186.95158489392327, NA
18.442538952827455, -192.73718177696242, NA
18.45497216383616, -213.63620563864524, NA
18.467709668477376, -235.47059808157647, NA
18.480957746505737, -237.70635712943863, NA
18.493590871493023, -232.8150638655443, NA
18.50623029867808, -257.88446276752506, NA
18.519200491905213, -224.63705270884037, NA
18.532663226127625, -276.2648356201876, NA
18.54521975517273, -244.1170539911658, NA
18.55814317862193, -251.53004011312498, NA
18.571012834707897, -241.93148545254135, NA
18.583566931883492, -225.63630012002773, -252.96050583888868
18.59673474232356, -248.55206989835352, NA
18.60950258175532, -224.84694029292538, NA
18.62206683556239, -178.04200904196648, NA
18.634738298257194, -8.195804856994387, NA
18.64813902378082, 110.66596748958676, NA
18.66079473098119, 66.55763541676365, NA
18.673263287544252, -7.412528727981458, NA
18.684925504525502, -12.455914444111293, NA
18.695951930681865, -5.020114454316733, NA
18.70735941330592, -2.761541538619257, NA
18.71861322323481, 13.259877379870405, NA
18.730753195285796, 14.0781347728975, NA
18.742952632904053, 1.434689218558733, NA
18.755370378494263, 1.3677685395751058, NA
18.76797726949056, 2.6194894214734377, NA
18.78012796640396, -9.804943001646183, NA
18.79220669666926, 7.150323573569569, NA
18.80384002129237, -12.538044368318474, NA
18.816226275761924, 4.196688151155777, NA
18.828491508960724, 16.712376045616708, NA
18.8410413702329, 11.404349462597065, NA
18.853005854288735, 10.199777240891747, -20.45376517784894
18.86564536889394, 10.964802275636412, NA
18.87766537666321, 12.832497589088598, NA
18.890206027030946, 10.359474315739044, NA
18.902782277266184, 8.68341549210361, NA
18.915199021498363, 6.099364728622131, NA
18.92720811367035, 8.789880208668471, NA
18.939941350618998, 9.945782845658426, NA
18.95296222368876, 12.972422645145276, NA
18.96509368022283, 9.081897716960672, NA
18.976949163277943, 9.691788450425111, NA
18.989202908674876, 9.644639790232103, NA
19.00116701523463, 10.508524918929849, NA
19.01290167570114, 8.140445437622807, NA
19.02453983227412, 9.75566728036403, NA
19.036622075239816, 9.354143206462252, NA
19.04900856812795, 9.50775658322013, NA
19.060784598191578, 8.234742758008835, NA
19.072632054487865, 7.1929094601955175, NA
19.08481338818868, 10.846170162892705, NA
19.096540490786236, 7.935120627104856, NA
19.108320462703706, 10.391413730708507, NA
19.119833040237427, 10.175442448534067, 9.595831939651065
19.131554861863453, 8.173905777114618, NA
19.143550566832225, 7.617247401932617, NA
19.15660146077474, 5.811909993896998, NA
19.169140783945718, 10.820314446012667, NA
19.18164576689402, 7.133593403823665, NA
19.19353300333023, 10.122210090251631, NA
19.206441617012025, 9.716123242782794, NA
19.219810458024345, 10.849212011937416, NA
19.232466757297516, 8.260598474888871, NA
19.244877568880717, 8.39596075737848, NA
19.256880378723146, 9.43018943258002, NA
19.269623239835102, 8.561741530315196, NA
19.28205349445343, 7.244620893955593, NA
19.294176359971363, 7.302416025805091, NA
19.30680333375931, 10.135898410952835, NA
19.319444529215495, 9.077334943393609, NA
19.331924251715343, 11.842375725035362, NA
19.34423063993454, 7.135114328346021, NA
19.356622072060905, 9.16859041473492, NA
19.369487202167512, 9.282659753911554, NA
19.38191206852595, 8.315351757693655, 8.7808270865116
19.394745393594107, 8.640829605477663, NA
19.40754700899124, 7.0864447436306515, NA
19.41976231733958, 4.091744359113261, NA
19.4318790713946, 9.287222527478622, NA
19.444535557428996, 13.405886134016507, NA
19.45688977241516, 12.275839213906597, NA
19.46899467309316, 9.728290638961635, NA
19.48107333978017, 14.608937431199463, NA
19.494228998819988, 12.729074721568441, NA
19.50706478357315, 7.564015043650186, NA
19.519859747091928, 11.474311990625406, NA
19.53215846220652, 14.76102988343499, NA
19.54480415582657, 3.5168348896630075, NA
19.55706252257029, 11.790664291275286, NA
19.570308474699655, 5.892518993581823, NA
19.58276239236196, 6.510014349658033, NA
19.594933962821962, 8.365542266931374, NA
19.607622639338175, 6.725985631832469, NA
19.61975565354029, 8.827903321727355, NA
19.63235861857732, 6.721422858265406, NA
19.645265130201974, 5.767803182748699, 9.036776956130804
19.65785933335622, 7.729795816586902, NA
19.670037360986075, 6.578455953164023, NA
19.682321973641713, 7.25830921465679, NA
19.69359812339147, 7.164011894270775, NA
19.7053470492363, 6.732069329921896, NA
19.716781612237295, 7.060589026750611, NA
19.729755290349324, 6.9084965745150955, NA
19.74289159377416, 6.73663210348896, NA
19.755723961194356, 6.684920669728881, NA
19.76875452597936, 13.65075498211569, NA
19.782072587807974, 24.06756703572645, NA
19.79476416905721, -0.27482994456850973, NA
19.807424251238505, -178.17432947541138, NA
19.81986089547475, -352.5468050389126, NA
19.832472181320192, -141.29038888377548, NA
19.84537458817164, 5.490994919680053, NA
19.858796803156533, 29.90031257895864, NA
19.871645843982698, 27.588507304978734, NA
19.884574794769286, 16.739752687019102, NA
19.897902437051137, 19.284259412919347, NA
19.910575850804648, 0.7441894854094784, -22.474606397751263
19.92349979082743, -11.905339767018722, NA
19.93665694395701, -34.40285530169682, NA
19.94884686867396, -146.50563907093147, NA
19.961189806461334, -187.57668487261125, NA
19.97379224697749, -99.02085455847978, NA
19.98607401450475, 25.042479654556136, NA
19.999261474609376, -12.411807632962995, NA
20.012087388833365, -65.10727955900357, NA
20.02501524289449, 38.69886094078347, NA
20.038162199656167, 4.622547017415233, NA
20.050987847646077, 17.62493075902983, NA
20.06419593890508, 11.784580593185863, NA
20.07674426237742, 11.634009065472702, NA
20.09022295475006, -7.651313877991223, NA
20.102835539976756, 104.43930249506458, NA
20.115173598130543, 63.035174222989006, NA
20.127640096346536, 1.1822157478477704, NA
20.14087690114975, 13.778512641993528, NA
20.154058253765108, 1.3373500491280015, NA
20.167742872238158, -0.00866815315634824, NA
20.18111984729767, 4.161706887141606, -12.726132034249737
20.194480880101523, 10.44312516446858, NA
20.20740704536438, 30.49955684076659, NA
20.22079938252767, 23.71927532010711, NA
20.23410467306773, 13.083450135277197, NA
20.247128160794578, 31.614394515652947, NA
20.26047691106796, 14.964833769430582, NA
20.273926405111947, 32.13759255134313, NA
20.287160762151082, 18.446230001101632, NA
20.29972347418467, 27.612842097336426, NA
20.31221429904302, -3.649761459674687, NA
20.32541726032893, 22.497972928655887, NA
20.338454314072926, 2.126709876230348, NA
20.352043827374775, 2.6909728740241317, NA
20.365050280094145, 4.37463632027133, NA
20.378369585673013, 24.066046111204095, NA
20.391601145267487, 14.675858110183094, NA
20.40472819407781, 5.303921203430358, NA
20.41772658030192, 3.792122228209294, NA
20.43126384019852, 2.318346366047107, NA
20.444440416495006, 1.1548391064453813, NA
20.457811756928763, 3.153333928820103, 13.572680856634793
20.471114710966745, 2.9191115523774114, NA
